169440
202400
378400
548720
282080
361600
60480
129120
143920
133200
24720
123520
110880
80000
160400
282560
104160
67280
98320
33120
126800
166480
164080
93600
55320
119840
97360
34960
41520
76640
140800
69440
148320
142960
133440
88480
65200
92320
67840
65200
98000
175680
113440
130320
105120
82000
106880
45840
105840
79520
103920
65920
113440
178160
84160
187920
112240
117920
95600
86080
106960
122720
81040
94320
106800
81120
66560
104320
98400
64960
72720
57440
65840
118400
71920
122080
142480
108560
110000
94480
83440
66960
43200
152640
14960
106560
161680
100880
145200
98480
95120
115680
63360
67840
34800
184320
137920
23600
191840
97280
19680
43600
53360
32480
33120
37840
27920
44880
27040
37520
38720
52400
47040
38480
29200
30320
29520
34000
31520
30880
36800
29760
38480
34240
25600
21480
32240
32960
41360
50080
43920
36480
29600
28160
40400
32160
31600
33440
40720
41840
29680
40320
30320
34480
44000
33040
33920
42080
29760
36080
36960
31120
34400
33440
48320
34400
44240
42960
40400
33440
40640
36320
31280
26240
34480
34960
36960
34000
37200
28320
28800
37120
33040
29040
39760
59600
26160
19280
41920
29920
33920
39760
27920
37120
44000
45120
45600
31600
29200
36480
39920
45680
38160
34800
42080
55040
37040
38080
45680
42800
42480
