159600
148800
376240
500320
178400
361520
335520
84160
122960
130320
0
5760
177520
64480
180960
250800
167040
114800
73520
43200
143760
147440
172240
104720
107280
91200
110320
39280
38640
42560
165120
91360
78240
183360
125040
103600
51040
89680
105280
67040
60640
78320
213840
119760
111120
80320
96000
72560
43840
122240
100000
52880
66080
174160
128640
157280
137440
146960
84560
47160
90000
124800
112960
92160
96720
87280
73440
88480
104080
86800
48560
65200
95520
42400
74800
172720
119120
133360
121760
87440
79120
97200
40240
94480
82400
51840
171840
102240
153840
109360
103040
100000
74880
91440
21840
67040
211440
73200
130480
144880
40320
