180800
180320
323680
468320
249040
440480
330320
55520
43760
221600
400
123200
34560
189360
108800
312480
109920
70720
101120
41440
131920
154240
161760
92080
106880
58520
99040
39920
31520
103520
128800
63120
150080
140000
136480
86320
70960
47600
60480
124560
106080
147600
114080
124480
109760
80080
103760
51520
87520
62080
123360
76400
52400
213840
102320
165680
131840
114240
102400
83200
109680
125200
84080
92160
105680
74800
68480
103520
104400
72480
66640
76480
60960
115840
39440
148160
138560
117680
112960
96160
76160
77440
39760
132400
44080
113520
123600
97840
172480
92400
106960
109600
59840
65360
58160
132240
127680
63440
184400
106240
33760
39440
49600
37840
36400
35680
30800
43520
24960
35680
33840
56400
45600
44640
39360
26320
31200
29840
28400
30720
36240
34320
29680
42240
24080
44160
29840
37680
44080
36320
55200
42960
21840
34400
30880
32080
32960
33760
37040
44160
29760
17280
40080
29280
44240
34000
34480
43760
27680
39440
32240
34560
32480
36480
47360
29840
47520
37440
46480
36560
45120
31360
30800
27120
30400
42000
32720
35520
39120
28800
27520
40320
29920
33280
43760
51200
27120
21360
44720
28080
35440
43760
25200
36400
48400
42720
43200
31600
30240
29760
40400
46000
30480
38240
42960
49520
41600
36720
44400
44800
49920
33360
