182640
159840
379120
474160
392960
133120
276960
109600
114080
170960
0
100960
113200
107040
93840
274080
162720
78960
89040
6720
106400
201920
175200
106320
104640
108320
103680
31360
29520
39120
105520
151040
156240
147440
129520
84400
30440
102000
68080
82320
107280
133600
112080
131520
112480
85040
101680
54640
86960
86160
84720
81120
78960
132240
158160
164720
130000
109200
101120
83600
110720
126320
84080
98960
106880
78720
66800
104320
101120
73280
71760
70960
52960
134240
48880
128000
142960
106720
113600
93840
82080
70480
39920
134720
40240
52560
165360
146400
145200
100320
97440
107120
63680
60800
54320
170160
134000
41040
176960
