181440
214080
302320
537200
304800
267040
240640
62000
127280
105440
0
164000
108000
125600
119520
246480
146080
89120
88480
42720
106560
173040
167120
100800
109920
102480
101120
37280
34800
83040
128160
97120
68640
216960
147200
87440
55040
93040
75520
62960
89840
76840
129680
120400
110800
83520
94560
68080
66080
115200
79920
57120
58960
211280
85280
192960
131200
122320
98720
87840
92880
134160
87440
97200
104480
77520
71360
102560
97360
79280
51120
91040
52880
74160
77360
146880
139280
104080
130400
100320
82960
74720
39760
121760
63200
109040
114960
88400
172960
94720
99920
109840
62320
76400
49920
59760
200720
81200
167840
106000
33520
