178080
183200
345600
493280
378480
216160
361120
125600
18640
178480
5680
134000
71760
103280
198240
250240
88080
57280
96480
16720
125200
69040
254400
151680
92800
120880
92960
28080
29520
110960
142480
56320
163280
125120
139840
81120
61200
88160
75120
100880
99680
136960
147040
107040
101120
80560
107760
36240
103120
40480
124320
86000
142800
167520
105040
150400
119280
111440
102800
89120
104320
112000
90160
93440
108960
79840
83760
103520
104160
42560
85280
80080
83600
78480
111520
124320
122080
130480
90720
88400
95920
50800
11680
116960
121840
55720
135120
107200
122800
86480
99920
98960
70320
48160
78320
167840
98000
98960
144720
70640
35920
34240
48480
35920
37840
36880
25680
43680
24720
35520
44080
53520
39440
45360
28720
33440
26240
31120
27360
33120
31680
33840
42880
27440
33360
40160
35120
36000
41120
51280
46320
30400
29600
35440
30240
34480
32160
30640
36000
38560
33120
39360
32880
33040
44720
31840
35600
36480
35520
38720
33280
32720
34160
36800
42560
39040
45040
34800
39760
43840
36960
34080
34560
20640
38560
38000
29520
32160
39840
31440
28480
38320
34240
31600
60960
37920
24000
27440
38160
31040
33040
40160
26480
41680
41280
46560
43200
27600
35760
32160
36560
40720
35200
36560
46800
53120
36160
41120
47520
43520
44480
28480
11920
