118400
180960
282720
339360
199200
433200
186400
231040
2800
51360
199200
132640
30160
61200
306000
128960
194880
264880
70560
226480
74800
159200
180480
96720
104320
109200
99680
39360
15120
108080
102400
94800
160560
141440
131360
87280
78960
83280
58240
81680
108640
143440
122480
123920
104320
80880
105680
46880
89200
85040
75360
73040
51440
159040
174000
187520
107200
122320
99680
83600
97840
125360
92080
90320
118240
77360
66800
109760
99600
64320
89120
66080
59120
122160
88160
115120
126480
122560
99120
90080
88560
60640
49520
139840
34800
98960
153600
105360
149360
94480
96400
112960
63840
73120
23280
170000
131520
24080
196400
102160
30160
38800
54080
33760
33600
37760
26960
44160
24000
39520
30560
58000
45600
42640
32240
31760
30960
29520
31360
29120
36720
31920
33120
39520
24160
46240
30000
34160
44160
41120
52960
35760
28320
31040
37200
31360
33520
33840
19160
41600
29360
23680
49520
28800
44320
32480
33680
44560
29120
39200
33920
36080
33200
40480
46960
30000
49280
35840
43920
36080
43200
33120
32160
29760
27440
38640
36880
33360
34320
31360
29600
40400
32080
33840
44800
56640
25360
21680
41840
30000
34800
43680
24720
33760
45200
45760
45360
28880
34240
29680
41120
47200
31040
37440
42480
51840
42160
38400
44880
41120
52000
32000
14080
