169840
207760
269520
522800
314640
254640
360800
74400
91200
118320
0
105120
155440
125520
112080
236960
173440
87680
86880
47680
71040
206240
171600
107120
106800
98320
108080
40000
35760
58880
154800
96160
106160
162320
127840
95680
59520
70800
102640
68480
55680
173520
133840
106720
109520
83440
101200
60320
38840
77600
123360
80640
48640
195200
134480
158240
134320
116240
102000
86640
107120
121280
85920
94960
108400
78640
72560
104320
98400
78240
66480
51520
45840
178720
84160
117360
128000
127120
99040
92960
87840
62720
26880
163200
14960
135680
138880
101520
145280
96400
96240
116000
65680
63600
47840
157440
149120
48000
157680
97520
31120
45120
48320
34080
37200
35760
29360
46080
25440
34160
44400
47440
48000
39360
30480
15080
30160
33520
28400
29280
35040
26880
42640
33360
26320
41040
34960
32400
44720
47040
45200
31680
32960
31600
35600
32240
31680
35520
39200
41920
30800
41280
29680
35120
42080
32880
35840
41360
32000
37200
37440
32240
35360
34000
44240
36400
47280
41520
42320
33920
38240
35760
31360
23360
35280
37200
35200
31760
37440
30880
28400
35680
38080
25760
59680
42800
24720
21520
41680
32960
37600
40800
27360
38960
45040
47200
44160
31600
31520
29760
37120
43680
38160
35280
44880
51600
39040
38800
42480
40960
43280
